a = [1 2 3 4 5 6 7 8 9]
a([1:3:9])
a(1:3)
a(4:end)
b = [1 2 3; 4 5 6; 7 8 9]
b(2,3)
b(1:2,2:3)